 ndim = 3000
 Convergence = 0.000999529 with 14223 iterations and 170.300751 seconds
jacobi solver: err = 0.001000, solution checksum = 371.481995 
