 ndim = 3000
 Convergence = 0.000999529 with 14223 iterations and 214.039383 seconds
jacobi solver: err = 0.001000, solution checksum = 371.481995 
